50
55
60
45
70
30
90
75
80
30
50
55
60
45
70
30
60
75
80
40
50
 0.00 0.01 0.10 0.25 0.07 0.08 0.12 0.10 0.12 0.83 0.54 0.44 0.70 0.30 0.22 0.82 0.73 0.40 0.56 0.76 0.23
 0.01 0.00 0.10 0.08 0.39 0.66 0.47 0.32 0.07 0.06 0.49 0.10 0.40 0.63 0.30 0.65 0.89 0.03 0.64 0.76 0.46
 0.10 0.10 0.00 0.24 0.24 0.10 0.47 0.32 0.60 0.54 0.32 0.21 0.60 0.54 0.06 0.10 0.37 0.76 0.87 0.03 0.10
 0.25 0.08 0.24 0.00 0.41 0.61 0.10 0.40 0.22 0.60 0.10 0.39 0.71 0.07 0.06 0.18 0.05 0.10 0.34 0.03 0.12
 0.07 0.39 0.24 0.41 0.00 0.24 0.61 0.10 0.81 0.21 0.12 0.10 0.40 0.32 0.10 0.05 0.20 0.53 0.65 0.10 0.03
 0.08 0.66 0.10 0.61 0.24 0.00 0.10 0.83 0.83 0.10 0.83 0.47 0.83 0.10 0.10 0.10 0.54 0.40 0.18 0.04 0.10
 0.12 0.47 0.47 0.10 0.61 0.10 0.00 0.10 0.24 0.12 0.47 0.32 0.62 0.40 0.83 0.25 0.43 0.73 0.21 0.37 0.15
 0.10 0.32 0.32 0.40 0.10 0.83 0.10 0.00 0.16 0.24 0.10 0.10 0.07 0.39 0.24 0.32 0.81 0.40 0.63 0.44 0.18
 0.12 0.07 0.60 0.22 0.81 0.83 0.24 0.16 0.00 0.24 0.07 0.06 0.10 0.06 0.32 0.07 0.43 0.42 0.21 0.82 0.18
 0.83 0.06 0.54 0.60 0.21 0.10 0.12 0.24 0.24 0.00 0.39 0.28 0.06 0.10 0.12 0.10 0.21 0.18 0.10 0.94 0.49
 0.54 0.49 0.32 0.10 0.12 0.83 0.47 0.10 0.07 0.39 0.00 0.10 0.16 0.24 0.16 0.32 0.08 0.60 0.54 0.05 0.18
 0.44 0.10 0.21 0.39 0.10 0.47 0.32 0.10 0.06 0.28 0.10 0.00 0.41 0.24 0.24 0.21 0.08 0.62 0.06 0.44 0.70
 0.70 0.40 0.60 0.71 0.40 0.83 0.62 0.07 0.10 0.06 0.16 0.41 0.00 0.24 0.47 0.07 0.39 0.32 0.10 0.85 0.18
 0.30 0.63 0.54 0.07 0.32 0.10 0.40 0.39 0.06 0.10 0.24 0.24 0.24 0.00 0.24 0.10 0.10 0.40 0.32 0.25 0.49
 0.22 0.30 0.06 0.06 0.10 0.10 0.83 0.24 0.32 0.12 0.16 0.24 0.47 0.24 0.00 0.16 0.61 0.21 0.40 0.10 0.06
 0.82 0.65 0.10 0.18 0.05 0.10 0.25 0.32 0.07 0.10 0.32 0.21 0.07 0.10 0.16 0.00 0.10 0.07 0.39 0.12 0.10
 0.73 0.89 0.37 0.05 0.20 0.54 0.43 0.81 0.43 0.21 0.08 0.08 0.39 0.10 0.61 0.10 0.00 0.12 0.83 0.47 0.83
 0.40 0.03 0.76 0.10 0.53 0.40 0.73 0.40 0.42 0.18 0.60 0.62 0.32 0.40 0.21 0.07 0.12 0.00 0.24 0.71 0.06
 0.56 0.64 0.87 0.34 0.65 0.18 0.21 0.63 0.21 0.10 0.54 0.06 0.10 0.32 0.40 0.39 0.83 0.24 0.00 0.47 0.83
 0.76 0.76 0.03 0.03 0.10 0.04 0.37 0.44 0.82 0.94 0.05 0.44 0.85 0.25 0.10 0.12 0.47 0.71 0.47 0.00 0.41
 0.23 0.46 0.10 0.12 0.03 0.10 0.15 0.18 0.18 0.49 0.18 0.70 0.18 0.49 0.06 0.10 0.83 0.06 0.83 0.41 0.00